316 1 6.6
460 1 93.04
1136 1 8.14
1244 1 92.68
1293 1 9.55
1455 1 91.09
1265 1 9.63
1369 1 89.81
1372 1 10.09
1382 1 89.33
1384 1 10.51
1390 1 89.25
1392 1 10.88
1393 1 88.65
1394 1 10.96
1395 1 88.61
1396 1 11.34
1410 1 88.23
1101 1 11.92
1097 1 88.2
1908 1 12.04
1913 1 87.28
1920 1 12.31
1736 1 87.07
1741 1 12.33
1756 1 86.77
1773 1 12.52
1784 1 86.7
1787 1 12.63
1806 1 86.45
1796 1 12.7
1836 1 86.38
1864 1 13.13
1885 1 85.77
1844 1 13.35
1897 1 85.65
1909 1 13.67
2088 1 85.57
2124 1 13.72
2035 1 85.48
2037 1 13.79
2048 1 85.42
2050 1 13.81
2051 1 85.29
2063 1 13.88
2064 1 85.24
2068 1 13.93
2069 1 85.19
2073 1 13.98
2085 1 85.18
2113 1 14.02
2116 1 85.11
2118 1 14.12
2179 1 84.96
2171 1 14.27
2181 1 84.94
2226 1 14.3
2228 1 84.92
1749 1 14.31
2166 1 84.67
2330 1 14.36
2336 1 84.65
1903 1 14.5
2320 1 84.63
2344 1 14.65
2356 1 84.57
2357 1 14.81
2353 1 84.53
2367 1 14.82
2418 1 84.53
2380 1 14.84
2382 1 84.48
2383 1 14.95
2384 1 84.47
2386 1 14.97
2387 1 84.46
2396 1 14.97
2395 1 84.39
2417 1 15.01
2411 1 84.39
2416 1 15.07
2407 1 84.39
2369 1 15.1
2373 1 84.32
2375 1 15.19
2374 1 84.3
2370 1 15.26
2423 1 84.28
2424 1 15.26
2425 1 84.27
2427 1 15.27
2429 1 84.22
2445 1 15.41
2446 1 84.21
2447 1 15.47
2184 1 84.17
2186 1 15.54
2187 1 84.17
2182 1 15.55
2177 1 84.1
2183 1 15.65
2448 1 84.1
2475 1 15.76
2480 1 84.09
2482 1 15.76
2489 1 84.05
2496 1 15.82
2495 1 84.01
2498 1 15.82
2492 1 83.98
2508 1 15.84
2534 1 83.97
2551 1 15.87
2518 1 83.9
2529 1 16.01
2525 1 83.83
2454 1 16.02
2458 1 83.81
2526 1 16.02
2527 1 83.78
2531 1 16.03
2533 1 83.74
2528 1 16.06
1356 1 83.68
2535 1 16.11
2540 1 83.66
2542 1 16.17
2558 1 83.63
2571 1 16.2
2583 1 83.63
2627 1 16.24
2644 1 83.6
2610 1 16.33
2645 1 83.55
2114 1 16.39
2681 1 83.43
2680 1 16.39
2684 1 83.42
2766 1 16.41
1795 1 83.39
2520 1 16.47
2727 1 83.34
2117 1 16.49
2647 1 83.31
2781 1 16.49
2788 1 83.29
2777 1 16.55
2787 1 83.28
2802 1 16.56
2811 1 83.27
2812 1 16.58
2813 1 83.26
2814 1 16.59
2738 1 83.25
2834 1 16.62
2822 1 83.2
2823 1 16.65
2145 1 83.2
2148 1 16.74
2832 1 83.15
2464 1 16.76
2640 1 83.1
2401 1 16.78
2303 1 83.08
2837 1 16.8
2389 1 83.08
2840 1 16.94
2841 1 83.05
2842 1 16.98
2855 1 83.02
2824 1 17.01
2815 1 82.99
2836 1 17.01
2830 1 82.95
2839 1 17.04
2844 1 82.91
2860 1 17.08
2848 1 82.89
2849 1 17.11
2850 1 82.87
2851 1 17.15
2852 1 82.86
2878 1 17.18
2880 1 82.85
2884 1 17.19
2864 1 82.85
2877 1 17.19
2768 1 82.8
1874 1 17.25
2322 1 82.73
2916 1 17.25
2919 1 82.72
725 1 17.27
2913 1 82.71
2688 1 17.32
1518 1 82.69
1256 1 17.32
2924 1 82.65
2935 1 17.34
2932 1 82.65
2928 1 17.35
2937 1 82.62
2945 1 17.36
2931 1 82.6
2943 1 17.36
2944 1 82.59
2946 1 17.38
2947 1 82.59
2948 1 17.39
2949 1 82.57
2950 1 17.4
2951 1 82.52
2962 1 17.41
2153 1 82.52
2963 1 17.45
1839 1 82.45
2979 1 17.46
2987 1 82.37
2980 1 17.49
1123 1 82.37
2921 1 17.53
2918 1 82.37
2988 1 17.57
2995 1 82.36
2990 1 17.59
2991 1 82.35
2989 1 17.59
2997 1 82.35
2998 1 17.62
3008 1 82.3
3010 1 17.65
3014 1 82.24
3016 1 17.67
3021 1 82.21
3023 1 17.69
3025 1 82.2
2760 1 17.7
3009 1 82.18
3017 1 17.72
3054 1 82.15
2807 1 17.74
2806 1 82.09
2804 1 17.75
3039 1 82.06
3038 1 17.76
3040 1 82.06
3043 1 17.78
3044 1 82.06
3041 1 17.78
3042 1 82.04
3045 1 17.79
3046 1 82.02
3048 1 17.83
3049 1 82.02
3047 1 17.84
3050 1 81.99
2415 1 17.86
3073 1 81.96
3074 1 17.86
3076 1 81.93
2779 1 17.87
2421 1 81.89
3089 1 17.87
3096 1 81.89
2358 1 17.88
2548 1 81.84
3100 1 17.88
3078 1 81.84
1259 1 17.88
2398 1 81.8
3086 1 17.9
3093 1 81.79
3088 1 17.91
3090 1 81.79
3091 1 17.93
3092 1 81.73
3060 1 17.93
3101 1 81.72
3102 1 17.98
2743 1 81.67
3115 1 17.99
2686 1 81.67
3117 1 18.02
3114 1 81.66
3122 1 18.02
3128 1 81.64
3129 1 18.04
3120 1 81.62
2974 1 18.06
2977 1 81.62
2976 1 18.08
2978 1 81.61
2973 1 18.08
2975 1 81.6
3126 1 18.15
2821 1 81.59
3127 1 18.16
3134 1 81.58
3130 1 18.16
3131 1 81.57
3132 1 18.17
3137 1 81.56
3139 1 18.17
3141 1 81.53
3142 1 18.18
3143 1 81.51
3075 1 18.19
2700 1 81.49
3149 1 18.19
3151 1 81.49
3153 1 18.19
3156 1 81.49
3157 1 18.21
3160 1 81.45
3164 1 18.21
3111 1 81.45
3110 1 18.22
3161 1 81.45
3171 1 18.23
3172 1 81.45
3174 1 18.23
195 1 81.44
410 1 18.23
353 1 81.44
396 1 18.24
375 1 81.39
2986 1 18.28
3178 1 81.38
3180 1 18.29
3181 1 81.37
3183 1 18.31
3184 1 81.37
3185 1 18.33
3186 1 81.36
2602 1 18.34
2606 1 81.34
3187 1 18.35
2994 1 81.33
3189 1 18.36
3188 1 81.33
2545 1 18.38
3032 1 81.31
2678 1 18.39
2793 1 81.31
3198 1 18.41
2992 1 81.3
2015 1 18.42
3207 1 81.29
3208 1 18.42
3209 1 81.29
3019 1 18.45
3213 1 81.29
3214 1 18.45
3215 1 81.28
3216 1 18.48
3217 1 81.27
1865 1 18.49
2029 1 81.27
2430 1 18.5
2034 1 81.25
2428 1 18.51
3224 1 81.24
3222 1 18.51
3223 1 81.22
2898 1 18.52
3255 1 81.22
3250 1 18.53
3262 1 81.21
3264 1 18.53
3265 1 81.18
1416 1 18.55
2067 1 81.18
3281 1 18.55
3283 1 81.17
2637 1 18.55
3285 1 81.15
3287 1 18.6
3289 1 81.13
3291 1 18.63
3290 1 81.13
3288 1 18.63
3294 1 81.1
3105 1 18.64
3107 1 81.08
3108 1 18.64
3106 1 81.08
3300 1 18.64
3302 1 81.07
2775 1 18.65
3299 1 81.07
3312 1 18.66
3303 1 81.06
1629 1 18.67
3317 1 81.04
3319 1 18.67
3321 1 80.99
3322 1 18.71
3333 1 80.99
3323 1 18.73
3034 1 80.97
2227 1 18.75
3343 1 80.96
3348 1 18.75
3349 1 80.95
3350 1 18.75
3351 1 80.94
3352 1 18.76
2693 1 80.94
3353 1 18.77
3354 1 80.92
3355 1 18.79
3360 1 80.89
3363 1 18.81
3366 1 80.88
3367 1 18.82
3369 1 80.87
1355 1 18.82
3347 1 80.86
1979 1 18.85
1992 1 80.85
1980 1 18.85
3362 1 80.83
3364 1 18.86
3365 1 80.82
3373 1 18.87
3368 1 80.82
2642 1 18.88
3376 1 80.8
3378 1 18.91
2930 1 80.78
3390 1 18.92
3393 1 80.78
3361 1 18.92
3398 1 80.78
2462 1 18.93
1928 1 80.77
3403 1 18.94
3286 1 80.77
3410 1 18.94
3411 1 80.74
2835 1 18.94
3420 1 80.74
3421 1 18.95
3179 1 80.71
2728 1 19.0
2532 1 80.71
2537 1 19.01
2539 1 80.71
3425 1 19.02
3428 1 80.7
2961 1 19.02
2347 1 80.69
3431 1 19.02
3252 1 80.68
2782 1 19.03
3254 1 80.67
3435 1 19.04
398 1 80.66
2736 1 19.05
3438 1 80.66
2485 1 19.06
2304 1 80.65
3450 1 19.06
3458 1 80.65
3459 1 19.06
3461 1 80.65
3462 1 19.06
3144 1 80.64
3329 1 19.08
3330 1 80.64
3326 1 19.1
3324 1 80.61
3325 1 19.12
3327 1 80.61
3457 1 19.14
71 2 80.6
106 2 19.15
998 2 80.59
392 2 19.15
583 2 80.56
864 2 19.16
874 2 80.54
1269 2 19.19
1223 2 80.53
560 2 19.21
1091 2 80.51
1094 2 19.23
1663 2 80.49
1670 2 19.26
1673 2 80.47
1675 2 19.27
1713 2 80.44
1221 2 19.3
1870 2 80.43
1819 2 19.32
1868 2 80.41
1871 2 19.37
1875 2 80.39
452 2 19.39
1995 2 80.36
2070 2 19.41
2074 2 80.33
2075 2 19.42
2076 2 80.29
2077 2 19.43
2078 2 80.26
2083 2 19.47
2105 2 80.23
2107 2 19.48
2108 2 80.21
2111 2 19.49
2112 2 80.2
2120 2 19.51
2128 2 80.19
2094 2 19.53
2119 2 80.16
2059 2 19.54
2151 2 80.12
2218 2 19.57
1292 2 80.1
2258 2 19.58
2343 2 80.09
2348 2 19.61
2269 2 80.06
2271 2 19.63
2274 2 80.04
2285 2 19.64
2276 2 80.02
2287 2 19.66
2296 2 80.01
2394 2 19.68
2388 2 80.0
2366 2 19.69
2365 2 79.96
2377 2 19.73
2379 2 79.95
2385 2 19.74
2397 2 79.94
2404 2 19.75
1439 2 79.94
1449 2 19.75
1448 2 79.93
1447 2 19.76
2422 2 79.93
2441 2 19.79
2279 2 79.91
2436 2 19.8
2437 2 79.9
2439 2 19.82
2440 2 79.9
2092 2 19.83
2162 2 79.89
2163 2 19.85
2164 2 79.88
2491 2 19.86
2493 2 79.86
2504 2 19.89
2080 2 79.86
2275 2 19.9
2456 2 79.85
2215 2 19.91
2216 2 79.84
2538 2 19.93
2544 2 79.84
2562 2 19.95
2572 2 79.82
2573 2 19.96
2561 2 79.79
2563 2 19.98
2564 2 79.79
1723 2 20.0
1513 2 79.78
2598 2 20.01
1587 2 79.77
2652 2 20.02
2653 2 79.76
2654 2 20.05
2657 2 79.74
929 2 20.08
2426 2 79.7
1973 2 20.1
301 2 79.68
286 2 20.1
2297 2 79.67
2722 2 20.11
2729 2 79.66
2770 2 20.12
2765 2 79.64
2773 2 20.15
2791 2 79.62
2726 2 20.18
2805 2 79.6
2337 2 20.2
2818 2 79.59
2828 2 20.22
2831 2 79.58
2656 2 20.24
2593 2 79.57
2605 2 20.24
2845 2 79.56
2826 2 20.26
1837 2 79.56
2778 2 20.27
2149 2 79.55
2613 2 20.28
2044 2 79.53
2899 2 20.34
2872 2 79.49
2911 2 20.35
2934 2 79.47
2939 2 20.36
2955 2 79.46
2964 2 20.39
2965 2 79.46
2966 2 20.4
2967 2 79.46
2993 2 20.4
3007 2 79.44
3026 2 20.41
3051 2 79.38
1052 2 20.41
1550 2 79.38
2406 2 20.42
1370 2 79.38
733 2 20.45
849 2 79.36
2745 2 20.47
2699 2 79.35
3133 2 20.5
2371 2 79.32
2477 2 20.5
3140 2 79.32
2096 2 20.52
3148 2 79.31
3147 2 20.54
3190 2 79.3
2546 2 20.55
2530 2 79.28
1961 2 20.57
3219 2 79.28
3220 2 20.59
2002 2 79.27
2000 2 20.61
2004 2 79.26
2003 2 20.63
2005 2 79.23
2679 2 20.64
3227 2 79.22
3228 2 20.65
3230 2 79.22
3232 2 20.66
2597 2 79.21
2594 2 20.68
3238 2 79.2
2756 2 20.7
2557 2 79.19
2683 2 20.71
3249 2 79.18
3263 2 20.73
3253 2 79.16
2724 2 20.74
2744 2 79.14
3284 2 20.76
2753 2 79.14
2754 2 20.78
2755 2 79.13
2670 2 20.78
3301 2 79.1
1769 2 20.79
1779 2 79.09
3304 2 20.81
3305 2 79.07
3306 2 20.81
3307 2 79.07
3308 2 20.82
3309 2 79.05
3310 2 20.85
3311 2 79.04
2253 2 20.86
2487 2 79.03
1164 2 20.87
2516 2 79.02
2519 2 20.88
3392 2 79.02
3416 2 20.89
3422 2 79.01
3423 2 20.89
3033 2 79.0
3449 2 20.9
41 3 78.99
74 3 20.9
91 3 78.97
114 3 20.92
212 3 78.96
256 3 20.95
300 3 78.95
1601 3 20.99
1647 3 78.94
1748 3 21.0
1778 3 78.93
1912 3 21.01
1958 3 78.92
2115 3 21.04
1997 3 78.9
2019 3 21.06
2014 3 78.89
2157 3 21.08
2101 3 78.87
2123 3 21.09
2205 3 78.86
2257 3 21.09
2261 3 78.84
2263 3 21.1
2265 3 78.83
2266 3 21.11
2267 3 78.83
2270 3 21.13
2286 3 78.82
2345 3 21.15
2361 3 78.82
2360 3 21.17
2381 3 78.81
2178 3 21.19
2173 3 78.79
2180 3 21.22
2349 3 78.78
2354 3 21.24
2165 3 78.77
2081 3 21.26
2208 3 78.74
2210 3 21.26
2211 3 78.73
2202 3 21.29
970 3 78.71
1991 3 21.32
2433 3 78.71
2434 3 21.34
2438 3 78.69
1803 3 21.36
1826 3 78.66
1820 3 21.37
2121 3 78.65
1849 3 21.38
2453 3 78.63
2536 3 21.38
2554 3 78.62
2473 3 21.41
2559 3 78.62
2574 3 21.43
2030 3 78.6
2582 3 21.44
2570 3 78.58
2578 3 21.45
2579 3 78.56
2580 3 21.46
2581 3 78.55
2585 3 21.48
2621 3 78.54
2622 3 21.48
2625 3 78.52
2633 3 21.5
2634 3 78.51
1308 3 21.52
1163 3 78.5
2651 3 21.54
2649 3 78.49
2685 3 21.55
2735 3 78.48
2771 3 21.56
2772 3 78.47
2776 3 21.56
2731 3 78.46
2671 3 21.56
2152 3 78.45
2629 3 21.57
2846 3 78.43
1306 3 21.58
2856 3 78.42
2764 3 21.59
2829 3 78.41
2615 3 21.6
2452 3 78.4
2886 3 21.62
2885 3 78.38
2896 3 21.63
2901 3 78.37
2752 3 21.64
2403 3 78.37
2741 3 21.64
2786 3 78.36
2983 3 21.67
2032 3 78.35
2024 3 21.68
2017 3 78.34
2027 3 21.7
2028 3 78.34
2021 3 21.71
2022 3 78.33
2026 3 21.72
2023 3 78.31
2025 3 21.73
2626 3 78.28
2603 3 21.75
3011 3 78.28
3012 3 21.75
3013 3 78.26
3020 3 21.76
2033 3 78.25
2315 3 21.77
2061 3 78.24
2066 3 21.79
2062 3 78.24
3173 3 21.8
3028 3 78.23
3146 3 21.81
3145 3 78.22
3260 3 21.83
3269 3 78.21
1998 3 21.85
1993 3 78.2
2511 3 21.87
3313 3 78.17
3280 3 21.88
3328 3 78.16
3332 3 21.89
3453 3 78.15
759 4 21.92
486 4 78.13
597 4 21.92
867 4 78.1
1063 4 21.94
1284 4 78.08
918 4 21.96
1722 4 78.06
1241 4 21.97
1242 4 78.05
1963 4 21.97
1919 4 78.02
1799 4 21.99
1846 4 78.01
2185 4 22.01
2122 4 78.0
2010 4 22.03
2192 4 77.98
2188 4 22.05
2057 4 77.96
2209 4 22.07
1752 4 77.95
1405 4 22.08
2262 4 77.92
2355 4 22.09
2408 4 77.9
1698 4 22.11
1813 4 77.89
2463 4 22.12
2031 4 77.87
1263 4 22.13
2590 4 77.86
1624 4 22.15
1869 4 77.84
2614 4 22.16
2631 4 77.84
2494 4 22.17
2513 4 77.82
1324 4 22.18
2664 4 77.8
2733 4 22.19
2734 4 77.79
1907 4 22.19
2790 4 77.77
2584 4 22.2
1805 4 77.76
1962 4 22.21
2833 4 77.74
1614 4 22.23
2908 4 77.72
2774 4 22.25
2958 4 77.69
2959 4 22.27
2796 4 77.68
2797 4 22.29
2800 4 77.66
3057 4 22.31
2054 4 77.64
3061 4 22.33
3062 4 77.63
2053 4 22.34
1801 4 77.61
3036 4 22.35
3169 4 77.6
549 4 22.36
3192 4 77.6
2689 4 22.37
2486 4 77.59
1994 4 22.4
3276 4 77.57
52 5 22.43
389 5 77.56
797 5 22.44
504 5 77.54
1090 5 22.46
1100 5 77.53
1106 5 22.48
1108 5 77.52
1110 5 22.49
1577 5 77.51
1585 5 22.51
1335 5 77.49
1606 5 22.52
1079 5 77.47
1497 5 22.54
925 5 77.45
1765 5 22.56
1718 5 77.42
1750 5 22.57
1766 5 77.4
1780 5 22.58
1783 5 77.37
1800 5 22.61
1804 5 77.36
1808 5 22.63
1823 5 77.35
1827 5 22.64
1829 5 77.33
1831 5 22.65
1200 5 77.32
1742 5 22.67
1791 5 77.3
1792 5 22.68
1793 5 77.28
1794 5 22.68
1557 5 77.27
1551 5 22.69
1556 5 77.26
1404 5 22.7
1555 5 77.25
1881 5 22.71
1371 5 77.23
2018 5 22.73
1904 5 77.22
2158 5 22.75
2097 5 77.2
2098 5 22.76
2100 5 77.18
2104 5 22.77
1056 5 77.18
2200 5 22.79
2281 5 77.17
2362 5 22.8
2392 5 77.16
1264 5 22.81
1626 5 77.14
2515 5 22.82
2509 5 77.13
2541 5 22.83
2143 5 77.11
2086 5 22.85
2630 5 77.1
2632 5 22.86
2484 5 77.08
1977 5 22.88
1957 5 77.06
2672 5 22.89
2673 5 77.05
2674 5 22.9
2675 5 77.02
1361 5 22.9
2749 5 77.01
2667 5 22.91
2666 5 76.99
2663 5 22.93
2668 5 76.97
2662 5 22.95
2661 5 76.96
2659 5 22.98
2669 5 76.95
2660 5 22.99
2665 5 76.94
2655 5 23.01
1776 5 76.92
1719 5 23.02
2917 5 76.91
2443 5 23.03
1658 5 76.89
2762 5 23.04
2761 5 76.88
2795 5 23.06
2798 5 76.88
2799 5 23.07
2801 5 76.87
2052 5 23.08
2058 5 76.85
2056 5 23.09
3065 5 76.84
2055 5 23.11
2060 5 76.82
3066 5 23.11
3067 5 76.8
3068 5 23.12
3069 5 76.79
2147 5 23.14
1967 5 76.78
1198 6 23.15
1089 6 76.76
1529 6 23.16
1522 6 76.74
1278 6 23.18
6 6 76.72
1790 6 23.2
1782 6 76.71
1785 6 23.21
1786 6 76.69
1788 6 23.22
1918 6 76.68
1562 6 23.23
1563 6 76.66
1561 6 23.25
1560 6 76.65
1553 6 23.26
2008 6 76.64
1988 6 23.28
1999 6 76.62
1987 6 23.3
1896 6 76.61
1901 6 23.32
2039 6 76.58
967 6 23.33
2213 6 76.57
2307 6 23.34
2308 6 76.55
2313 6 23.35
2316 6 76.52
2317 6 23.36
2342 6 76.51
2376 6 23.38
2378 6 76.49
1983 6 23.39
1771 6 76.47
2478 6 23.41
2522 6 76.44
1352 6 23.41
2512 6 76.43
1986 6 23.43
1363 6 76.41
1693 6 23.44
1739 6 76.39
2641 6 23.45
2758 6 76.37
2483 6 23.46
2524 6 76.35
2586 6 23.47
1838 6 76.34
1815 6 23.48
2658 6 76.33
2903 6 23.5
2904 6 76.3
2905 6 23.51
2906 6 76.28
2907 6 23.53
2794 6 76.26
2431 6 23.54
2968 6 76.25
2234 6 23.56
3297 6 76.24
1059 7 23.58
660 7 76.22
683 7 23.59
913 7 76.2
927 7 23.61
1072 7 76.18
1067 7 23.62
1348 7 76.16
60 7 23.65
65 7 76.15
79 7 23.66
83 7 76.14
1650 7 23.68
1649 7 76.13
1621 7 23.69
1762 7 76.11
1860 7 23.71
1975 7 76.1
1942 7 23.73
1925 7 76.09
1426 7 23.74
1329 7 76.08
1330 7 23.75
2065 7 76.06
2129 7 23.76
2130 7 76.05
2132 7 23.77
2144 7 76.03
883 7 23.79
2193 7 76.01
2194 7 23.8
2195 7 76.0
2196 7 23.82
2197 7 75.99
2198 7 23.83
2199 7 75.98
2201 7 23.85
2203 7 75.97
2204 7 23.87
2206 7 75.96
2207 7 23.88
2214 7 75.94
2359 7 23.89
2159 7 75.93
2160 7 23.91
2414 7 75.92
2500 7 23.93
2543 7 75.91
2553 7 23.95
2457 7 75.89
1878 7 23.96
2646 7 75.87
2687 7 23.97
2497 7 75.86
2420 7 23.98
1651 7 75.84
3159 7 24.0
3375 7 75.83
536 8 24.02
615 8 75.81
921 8 24.03
655 8 75.8
656 8 24.05
667 8 75.79
669 8 24.06
681 8 75.77
682 8 24.07
922 8 75.75
1078 8 24.08
1082 8 75.73
1421 8 24.1
1424 8 75.72
1457 8 24.11
1459 8 75.7
1471 8 24.12
1474 8 75.68
1476 8 24.14
1481 8 75.67
1488 8 24.15
1417 8 75.66
1195 8 24.16
1217 8 75.64
1774 8 24.18
1876 8 75.62
1880 8 24.2
1590 8 75.61
1575 8 24.21
1579 8 75.59
1591 8 24.23
1576 8 75.58
1572 8 24.24
1581 8 75.56
1863 8 24.26
1797 8 75.54
1929 8 24.28
1984 8 75.53
2212 8 24.29
2106 8 75.51
1208 8 24.3
2272 8 75.5
2273 8 24.32
2277 8 75.48
2278 8 24.34
2280 8 75.47
2323 8 24.35
2324 8 75.45
2325 8 24.37
2326 8 75.44
2327 8 24.38
2335 8 75.43
2338 8 24.39
2339 8 75.41
2340 8 24.41
2341 8 75.41
2155 8 24.42
1845 8 75.39
1166 8 24.43
1496 8 75.38
1215 8 24.44
1657 8 75.37
1665 8 24.46
1677 8 75.36
2309 8 24.47
2314 8 75.34
2289 8 24.49
2305 8 75.33
2312 8 24.5
2290 8 75.31
2310 8 24.52
2292 8 75.3
2295 8 24.53
2293 8 75.28
2311 8 24.55
2291 8 75.27
2294 8 24.56
2505 8 75.26
610 9 24.58
626 9 75.24
647 9 24.59
463 9 75.23
627 9 24.62
649 9 75.21
670 9 24.63
671 9 75.2
1318 9 24.65
1546 9 75.19
1397 9 24.65
1398 9 75.17
1423 9 24.67
1425 9 75.15
1427 9 24.69
1429 9 75.14
1431 9 24.7
1438 9 75.13
1440 9 24.71
1441 9 75.12
1444 9 24.73
1445 9 75.1
1181 9 24.74
169 9 75.09
1714 9 24.75
1883 9 75.08
1359 9 24.77
1872 9 75.06
1921 9 24.78
1926 9 75.04
1927 9 24.78
1930 9 75.03
1931 9 24.8
1902 9 75.03
2241 9 24.82
2245 9 75.02
2259 9 24.83
2319 9 74.99
1645 9 24.85
2363 9 74.98
2390 9 24.86
2402 9 74.97
2501 9 24.88
2521 9 74.96
2410 9 24.89
1646 9 74.95
1643 9 24.91
1674 9 74.94
2087 9 24.92
1825 9 74.93
2523 9 24.93
2746 9 74.91
2938 9 24.95
2940 9 74.9
2941 9 24.96
2942 9 74.88
2288 9 24.97
2702 9 74.87
582 10 24.98
206 10 74.86
492 10 24.99
807 10 74.84
605 10 25.0
1017 10 74.82
1025 10 25.01
1032 10 74.8
1033 10 25.03
1037 10 74.78
1305 10 25.05
1310 10 74.77
1451 10 25.06
1453 10 74.75
1454 10 25.07
1456 10 74.74
1460 10 25.09
1462 10 74.72
1463 10 25.11
1469 10 74.71
1316 10 25.12
1807 10 74.7
1811 10 25.14
1812 10 74.69
1814 10 25.15
1816 10 74.67
1818 10 25.16
1821 10 74.66
841 10 25.17
2084 10 74.65
2156 10 25.18
2220 10 74.65
2235 10 25.2
2236 10 74.63
2237 10 25.21
2238 10 74.62
2239 10 25.22
2240 10 74.61
2242 10 25.23
2243 10 74.59
2244 10 25.25
2246 10 74.57
2223 10 25.26
2224 10 74.56
2225 10 25.27
2230 10 74.55
2233 10 25.28
2328 10 74.53
2329 10 25.29
2331 10 74.52
2332 10 25.32
2333 10 74.5
2419 10 25.33
2476 10 74.49
2368 10 25.34
1905 10 74.48
1840 10 25.35
1956 10 74.46
1521 10 25.36
230 11 74.45
238 11 25.37
658 11 74.43
1301 11 25.39
1415 11 74.41
1446 11 25.4
1465 11 74.39
1475 11 25.42
1637 11 74.38
1638 11 25.43
1450 11 74.36
1641 11 25.45
1652 11 74.34
1891 11 25.46
1280 11 74.33
1422 11 25.48
2013 11 74.32
2016 11 25.5
1640 11 74.31
2103 11 25.51
2232 11 74.3
1266 11 25.52
2334 11 74.28
2300 11 25.53
2301 11 74.26
2547 11 25.55
2721 11 74.24
2723 11 25.55
1199 11 74.23
331 12 25.57
834 12 74.21
1066 12 25.58
1161 12 74.2
1218 12 25.6
1655 12 74.19
1654 12 25.61
1660 12 74.18
1682 12 25.62
1862 12 74.17
1866 12 25.64
1303 12 74.16
1492 12 25.65
1857 12 74.15
1824 12 25.67
1996 12 74.14
2254 12 25.68
2283 12 74.12
2284 12 25.7
2298 12 74.11
2299 12 25.71
1153 12 74.09
2346 12 25.73
1968 12 74.07
1969 12 25.74
1775 12 74.06
1319 12 25.75
1177 12 74.06
1231 12 25.77
1240 12 74.04
1230 12 25.78
1228 12 74.04
1224 12 25.8
1201 12 74.03
1214 12 25.81
1204 12 74.01
3275 12 25.82
1045 13 74.0
738 13 25.84
1338 13 73.98
1464 13 25.85
1633 13 73.97
1302 13 25.86
1312 13 73.95
1985 13 25.88
1758 13 73.93
2012 13 25.9
1721 13 73.92
1225 13 25.91
2282 13 73.9
2351 13 25.92
1346 13 73.89
1247 13 25.94
1246 13 73.88
1253 13 25.95
1155 14 73.87
631 14 25.97
795 14 73.86
1193 14 25.99
1360 14 73.84
1554 14 26.0
1715 14 73.82
1695 14 26.02
1852 14 73.8
1856 14 26.04
1789 14 73.79
1331 14 26.05
1298 14 73.78
2011 14 26.06
1959 14 73.76
1764 14 26.07
2150 14 73.75
2126 14 26.09
1596 14 73.74
1598 14 26.1
2222 14 73.73
2046 14 26.12
2575 14 73.72
1763 14 26.14
3282 14 73.7
630 15 26.15
956 15 73.69
547 15 26.16
600 15 73.68
545 15 26.18
847 15 73.67
724 15 26.19
690 15 73.65
1156 15 26.2
1597 15 73.64
1853 15 26.22
1854 15 73.62
1855 15 26.24
1858 15 73.6
1315 15 26.25
1940 15 73.59
1954 15 26.26
1960 15 73.57
1472 15 26.28
1754 15 73.56
1569 15 26.29
1207 15 73.54
1209 15 26.31
2038 15 73.53
2393 15 26.32
2474 15 73.52
2043 15 26.34
2047 15 73.51
2045 15 26.36
1282 15 73.5
946 16 26.38
598 16 73.49
741 16 26.39
1065 16 73.48
1095 16 26.41
1578 16 73.46
1367 16 26.42
1196 16 73.45
1332 16 26.43
1428 16 73.43
1432 16 26.45
1442 16 73.42
1436 16 26.46
1484 16 73.4
1443 16 26.48
1851 16 73.38
1323 16 26.49
1767 16 73.37
1936 16 26.51
1937 16 73.36
1939 16 26.52
1947 16 73.35
1948 16 26.53
1949 16 73.34
1952 16 26.54
1953 16 73.32
1955 16 26.56
1982 16 73.31
1211 16 26.58
1216 16 73.3
1212 16 26.59
986 16 73.28
1002 16 26.6
983 16 73.27
833 17 26.61
844 17 73.25
937 17 26.62
940 17 73.24
963 17 26.64
991 17 73.23
1159 17 26.65
764 17 73.22
1414 17 26.66
1452 17 73.21
1334 17 26.68
1559 17 73.2
1760 17 26.7
1761 17 73.19
1757 17 26.71
1322 17 73.18
1946 17 26.73
2091 17 73.17
2146 17 26.74
1236 17 73.15
613 17 26.75
691 17 73.14
2219 17 26.77
2229 17 73.13
2231 17 26.78
971 17 73.11
968 17 26.8
992 17 73.1
1188 17 26.82
2042 17 73.09
1115 18 26.83
694 18 73.08
919 18 26.84
953 18 73.06
957 18 26.86
980 18 73.05
1151 18 26.88
773 18 73.03
1512 18 26.89
1662 18 73.02
1664 18 26.92
1668 18 73.0
1622 18 26.94
1126 18 72.98
1125 18 26.95
1178 18 72.97
1981 18 26.96
1735 18 72.96
1772 18 26.98
1565 18 72.94
954 18 26.99
962 18 72.93
964 18 27.01
1737 18 72.92
2041 18 27.03
2565 18 72.9
2566 18 27.04
1978 18 72.89
1084 19 27.06
1148 19 72.88
1102 19 27.07
1103 19 72.86
1458 19 27.09
1268 19 72.85
1219 19 27.1
1541 19 72.83
1564 19 27.11
1570 19 72.82
1573 19 27.13
1582 19 72.81
1725 19 27.14
1716 19 72.79
1118 19 27.16
1132 19 72.77
1932 19 27.18
1945 19 72.76
2006 19 27.19
1817 19 72.75
1941 19 27.21
2221 19 72.73
901 19 27.22
979 19 72.72
1712 19 27.23
2256 19 72.71
413 20 27.24
465 20 72.7
693 20 27.25
716 20 72.69
771 20 27.27
624 20 72.68
1273 20 27.29
1274 20 72.66
1304 20 27.3
1340 20 72.65
1341 20 27.31
1342 20 72.63
1593 20 27.33
1615 20 72.62
1667 20 27.34
1720 20 72.61
1245 20 27.36
1255 20 72.59
1220 20 27.37
1257 20 72.58
1914 20 27.38
1848 20 72.56
2036 20 27.39
2135 20 72.55
2139 20 27.4
2141 20 72.54
2142 20 27.42
2176 20 72.53
2090 20 27.43
2264 20 72.51
2260 20 27.44
2567 20 72.49
2569 20 27.46
1972 20 72.48
602 21 27.47
160 21 72.47
943 21 27.48
189 21 72.45
633 21 27.5
643 21 72.44
678 21 27.51
703 21 72.42
769 21 27.53
770 21 72.4
1313 21 27.54
1710 21 72.39
1583 21 27.55
1511 21 72.37
1093 21 27.57
1122 21 72.36
1678 21 27.57
1700 21 72.34
1608 21 27.59
2072 21 72.33
2131 21 27.61
2133 21 72.32
2134 21 27.62
2136 21 72.3
2137 21 27.64
2140 21 72.29
2138 21 27.65
1353 21 72.27
2247 21 27.66
2252 21 72.26
2250 21 27.68
2248 21 72.25
2251 21 27.69
1974 21 72.24
1738 21 27.71
1976 21 72.22
736 22 27.72
589 22 72.2
604 22 27.74
642 22 72.19
659 22 27.75
665 22 72.18
698 22 27.76
911 22 72.17
949 22 27.78
995 22 72.16
1038 22 27.8
1055 22 72.14
1044 22 27.81
1238 22 72.13
1532 22 27.82
1531 22 72.12
1549 22 27.84
1595 22 72.1
1412 22 27.85
1733 22 72.09
1832 22 27.86
1841 22 72.08
1271 22 27.88
2007 22 72.06
2009 22 27.89
2020 22 72.05
1990 22 27.91
1768 22 72.04
1734 22 27.92
2189 22 72.03
2190 22 27.93
2568 22 72.02
540 23 27.94
606 23 72.01
632 23 27.96
666 23 71.99
1234 23 27.97
993 23 71.98
1051 23 27.98
1182 23 71.97
1607 23 27.99
1548 23 71.95
1135 23 28.01
1120 23 71.94
1127 23 28.03
1724 23 71.92
1728 23 28.05
1732 23 71.91
1835 23 28.06
1276 23 71.9
1286 23 28.08
2040 23 71.89
149 24 28.09
888 24 71.87
906 24 28.11
975 24 71.86
976 24 28.12
982 24 71.85
985 24 28.13
1016 24 71.84
1030 24 28.14
1358 24 71.82
1634 24 28.15
1847 24 71.81
1850 24 28.17
1261 24 71.8
1260 24 28.18
1294 24 71.78
1290 24 28.19
1781 24 71.76
2469 24 28.21
2471 24 71.75
1910 24 28.22
567 25 71.74
587 25 28.23
609 25 71.73
881 25 28.25
1229 25 71.71
1020 25 28.26
1267 25 71.7
1584 25 28.28
1336 25 71.68
686 25 28.3
1687 25 71.66
1729 25 28.31
1759 25 71.65
1802 25 28.32
1321 25 71.63
1154 25 28.34
2089 25 71.62
1184 25 28.35
1288 25 71.61
1272 25 28.37
1711 25 71.6
2465 25 28.38
2468 25 71.58
2470 25 28.4
1917 25 71.57
546 26 28.42
559 26 71.56
573 26 28.43
580 26 71.54
596 26 28.44
635 26 71.52
636 26 28.46
174 26 71.51
574 26 28.47
593 26 71.5
668 26 28.48
1297 26 71.48
1011 26 28.49
1048 26 71.47
1145 26 28.51
1146 26 71.46
1250 26 28.52
1535 26 71.44
1691 26 28.54
1697 26 71.43
1669 26 28.55
1019 26 71.42
1692 26 28.56
1300 26 71.41
1489 26 28.57
1906 26 71.4
1899 26 28.58
2467 26 71.39
2466 26 28.6
2472 26 71.37
542 27 28.61
555 27 71.36
558 27 28.62
634 27 71.34
751 27 28.64
482 27 71.33
530 27 28.65
569 27 71.32
612 27 28.67
646 27 71.3
652 27 28.68
839 27 71.29
761 27 28.7
1243 27 71.28
813 27 28.71
1171 27 71.27
1179 27 28.73
1099 27 71.25
1411 27 28.74
1580 27 71.24
705 27 28.75
1630 27 71.23
1708 27 28.77
1375 27 71.22
1592 27 28.78
529 28 71.21
377 28 28.79
1289 28 71.2
1296 28 28.81
1147 28 71.18
1406 28 28.82
1409 28 71.16
1111 28 28.84
1672 28 71.15
1676 28 28.85
1833 28 71.14
1477 28 28.86
1877 28 71.12
861 28 28.87
815 28 71.1
516 29 28.88
483 29 71.09
570 29 28.89
800 29 71.08
1237 29 28.91
1283 29 71.07
1285 29 28.92
972 29 71.05
1012 29 28.93
1069 29 71.04
1139 29 28.95
923 29 71.03
1031 29 28.96
801 29 71.01
1586 29 28.97
1589 29 71.0
1830 29 28.99
1671 29 70.98
1950 29 29.0
1943 29 70.97
1879 29 29.02
809 29 70.96
857 29 29.03
1705 29 70.95
3242 29 29.04
790 30 70.93
1320 30 29.05
747 30 70.92
1525 30 29.07
1613 30 70.9
1810 30 29.08
1526 30 70.89
1659 30 29.1
1368 30 70.87
1703 30 29.11
1704 30 70.86
1144 30 29.13
1619 30 70.84
1843 30 29.14
3267 30 70.83
842 31 29.16
930 31 70.82
884 31 29.17
1279 31 70.81
1128 31 29.18
1137 31 70.8
1140 31 29.19
1528 31 70.78
1588 31 29.21
1828 31 70.77
1653 31 29.22
1702 31 70.76
2435 31 29.23
2444 31 70.74
1616 31 29.24
1628 31 70.73
524 32 29.25
730 32 70.71
831 32 29.26
877 32 70.7
854 32 29.28
871 32 70.69
1143 32 29.29
1520 32 70.67
1574 32 29.31
1485 32 70.66
1798 32 29.32
1493 32 70.65
1966 32 29.33
2172 32 70.64
2174 32 29.34
2175 32 70.62
1699 32 29.36
518 33 70.61
548 33 29.37
244 33 70.59
1327 33 29.38
862 33 70.58
879 33 29.4
1401 33 70.57
1349 33 29.42
1611 33 70.56
1495 33 29.43
1964 33 70.54
1965 33 29.45
1971 33 70.53
1701 33 29.46
2167 33 70.52
2169 33 29.48
2170 33 70.5
863 34 29.49
451 34 70.49
1399 34 29.5
1402 34 70.47
1498 34 29.52
1679 34 70.46
1644 34 29.53
1158 34 70.45
1167 34 29.54
1491 34 70.43
1494 34 29.55
1859 34 70.42
2168 34 29.56
1618 34 70.4
1617 34 29.58
508 35 70.39
672 35 29.59
673 35 70.38
675 35 29.6
811 35 70.36
959 35 29.62
1222 35 70.35
1515 35 29.63
1500 35 70.34
1501 35 29.64
1503 35 70.32
1744 35 29.66
1753 35 70.3
1696 35 29.67
910 35 70.29
1487 35 29.69
1490 35 70.27
1479 35 29.7
1483 35 70.26
1842 35 29.72
851 35 70.25
1600 35 29.73
1632 35 70.23
3292 35 29.75
517 36 70.22
553 36 29.76
852 36 70.21
639 36 29.78
346 36 70.2
359 36 29.79
403 36 70.19
804 36 29.81
856 36 70.18
875 36 29.82
876 36 70.16
878 36 29.83
1388 36 70.15
1599 36 29.84
1480 36 70.14
1482 36 29.86
1609 36 70.13
1706 36 29.87
528 37 70.12
1197 37 29.88
1116 37 70.1
531 37 29.9
1391 37 70.09
1403 37 29.91
1502 37 70.08
1539 37 29.93
1473 37 70.07
1635 37 29.94
469 37 70.05
1235 38 29.95
1121 38 70.04
1190 38 29.97
966 38 70.03
108 38 29.98
1540 38 70.02
1537 38 30.0
1542 38 70.01
1544 38 30.01
1648 38 69.99
846 39 30.02
1183 39 69.98
1005 39 30.04
1057 39 69.96
960 39 30.05
1104 39 69.95
1536 39 30.06
1538 39 69.93
661 39 30.08
1160 39 69.92
276 40 30.09
819 40 69.9
1117 40 30.11
1192 40 69.89
914 40 30.12
1239 40 69.87
1507 40 30.14
818 41 69.86
880 41 30.15
1499 41 69.84
1527 41 30.17
827 42 69.83
1113 42 30.18
1186 42 69.81
1170 42 30.2
955 42 69.8
961 42 30.21
1517 42 69.79
1519 42 30.22
1314 42 69.77
1270 42 30.24
853 43 69.76
88 43 30.26
965 43 69.74
974 43 30.27
859 43 69.73
825 43 30.29
1014 43 69.72
186 43 30.31
832 44 69.7
87 44 30.32
105 44 69.68
941 44 30.33
933 44 69.67
720 44 30.35
779 44 69.65
1174 44 30.36
1516 44 69.64
843 45 30.37
850 45 69.63
860 45 30.38
729 45 69.61
774 45 30.4
891 45 69.6
127 45 30.41
750 45 69.59
1508 45 30.43
552 45 69.57
1042 45 30.44
1893 45 69.56
1900 45 30.46
1109 45 69.55
1755 45 30.47
1636 45 69.53
908 46 30.49
931 46 69.52
882 46 30.5
994 46 69.5
1233 46 30.52
1213 46 69.49
1894 46 30.54
1751 46 69.47
1747 46 30.55
775 47 69.46
885 47 30.57
988 47 69.44
1003 47 30.58
650 47 69.43
1152 47 30.6
1339 47 69.41
1344 47 30.61
1187 47 69.4
1627 47 30.62
1727 47 69.39
1726 47 30.64
2318 47 69.37
812 48 30.66
110 48 69.36
793 48 30.67
535 48 69.35
1886 48 30.68
1887 48 69.33
1898 48 30.69
1745 48 69.32
1311 48 30.71
777 49 69.3
778 49 30.72
93 49 69.28
334 49 30.73
638 49 69.27
895 49 30.75
952 49 69.25
978 49 30.77
1023 49 69.24
1631 49 30.78
1888 49 69.22
1889 49 30.8
1892 49 69.2
1625 49 30.82
1623 49 69.19
1717 49 30.83
1317 49 69.18
814 50 30.85
824 50 69.16
869 50 30.86
571 50 69.15
870 50 30.87
628 50 69.14
803 50 30.89
1060 50 69.12
1176 50 30.9
1933 50 69.11
1938 50 30.91
1944 50 69.09
1620 50 30.93
758 51 69.08
1915 51 30.94
1924 51 69.07
3274 51 30.96
890 52 69.06
1010 52 30.97
1688 52 69.04
1922 52 30.98
1470 52 69.03
1524 53 31.0
1530 53 69.02
1568 53 31.01
1604 53 69.0
1275 53 31.03
1226 53 68.99
1685 53 31.04
1681 53 68.98
1680 53 31.06
1873 53 68.96
1934 53 31.07
3273 53 68.95
785 54 31.09
1380 54 68.93
1307 54 31.1
422 55 68.92
899 55 31.12
1612 55 68.9
1514 55 31.13
1605 55 68.89
748 55 31.15
1374 55 68.88
1373 55 31.16
1694 55 68.86
78 56 31.18
76 56 68.85
280 56 31.19
799 56 68.83
1408 56 31.21
1566 56 68.81
1594 56 31.22
1639 56 68.8
1690 56 31.24
944 56 68.79
64 57 31.25
75 57 68.78
723 57 31.27
905 57 68.76
488 57 31.28
1189 57 68.75
89 57 31.3
1571 57 68.73
1603 57 31.31
1377 57 68.72
1882 57 31.33
38 58 68.7
893 58 31.34
1418 58 68.69
1467 58 31.35
1504 58 68.67
1435 58 31.37
1379 58 68.66
1558 58 31.39
1567 58 68.64
792 59 31.4
838 59 68.62
1364 59 31.42
1383 59 68.6
1400 59 31.43
62 60 68.59
651 60 31.45
590 60 68.57
66 60 31.46
1381 60 68.56
1385 60 31.48
1389 60 68.54
1867 60 31.49
858 61 68.53
868 61 31.51
640 61 68.51
317 61 31.52
629 61 68.5
696 61 31.54
1157 61 68.48
1175 61 31.55
1376 61 68.46
332 62 31.57
592 62 68.45
786 62 31.58
1378 62 68.43
784 63 31.6
468 63 68.41
794 63 31.62
1185 63 68.4
1407 63 31.63
1770 63 68.38
240 64 31.65
1534 64 68.37
1730 64 31.67
35 65 68.35
897 65 31.69
1203 65 68.33
1552 65 31.7
808 66 68.32
1543 66 31.72
284 66 68.3
782 67 31.73
791 67 68.28
896 67 31.75
1210 67 68.27
935 67 31.77
783 68 68.25
898 68 31.79
866 68 68.23
299 68 31.8
734 68 68.22
942 68 31.82
327 68 68.2
439 68 31.84
798 69 68.18
1083 69 31.85
945 69 68.17
1523 69 31.87
780 70 68.15
477 70 31.88
551 70 68.13
159 70 31.89
378 70 68.12
1194 70 31.91
371 71 68.1
393 71 31.92
394 71 68.09
776 71 31.94
364 71 68.07
928 71 31.96
1173 71 68.06
1362 71 31.97
1112 71 68.04
1357 71 31.99
496 72 68.02
158 72 32.0
1252 72 68.01
1258 72 32.02
372 73 68.0
889 73 32.04
333 73 67.98
478 73 32.05
503 73 67.96
984 73 32.07
788 73 67.95
1064 73 32.09
1328 73 67.93
1337 73 32.11
495 74 67.92
501 74 32.12
484 74 67.9
406 74 32.14
926 74 67.89
934 74 32.16
719 74 67.87
1205 74 32.17
172 75 67.85
500 75 32.19
485 75 67.83
441 75 32.2
950 75 67.81
1172 75 32.22
644 75 67.8
1746 75 32.23
915 76 67.78
938 76 32.25
951 76 67.77
260 77 32.27
247 77 67.75
84 77 32.28
887 77 67.73
904 77 32.3
932 77 67.72
576 77 32.32
235 78 67.7
1202 78 32.34
981 78 67.69
1287 78 32.35
1366 78 67.67
466 79 32.37
1075 79 67.65
1350 79 32.38
2161 79 67.64
265 80 32.4
920 80 67.62
924 80 32.42
1602 80 67.61
1547 80 32.43
1333 80 67.59
768 81 32.45
886 81 67.57
1347 81 32.47
1345 81 67.56
357 82 32.48
752 82 67.54
826 82 32.5
563 82 67.53
363 83 32.52
817 83 67.51
767 83 32.53
727 84 67.5
810 84 32.55
762 84 67.48
1058 84 32.56
1326 84 67.46
1505 85 32.58
143 86 67.45
754 86 32.6
1021 86 67.43
367 87 32.61
645 87 67.41
1232 87 32.63
1248 87 67.39
997 87 32.65
1141 87 67.38
677 88 32.67
1295 88 67.36
1299 88 32.68
348 89 67.34
744 90 32.7
822 90 67.32
805 90 32.71
837 90 67.31
840 90 32.73
1096 90 67.29
806 91 32.75
712 92 67.27
835 92 32.76
581 93 67.26
1666 93 32.78
1047 94 67.24
434 94 32.8
830 94 67.22
1743 94 32.81
772 95 67.21
664 95 32.83
1291 95 67.19
1809 95 32.85
781 96 67.17
1076 97 32.87
523 97 67.15
578 97 32.88
625 97 67.13
796 97 32.9
1081 98 67.11
1281 98 32.92
973 98 67.09
440 99 32.94
438 99 67.08
707 99 32.96
409 99 67.06
1080 100 32.98
595 100 67.04
1068 100 33.0
1087 100 67.02
1043 101 33.01
487 101 67.0
476 101 33.03
845 101 66.98
894 101 33.05
1325 101 66.96
550 102 33.07
1077 102 66.95
763 102 33.08
892 102 66.93
1309 102 33.11
765 102 66.91
554 104 33.13
1088 104 66.89
1466 105 33.14
680 106 66.87
572 106 33.16
568 106 66.85
479 106 33.18
443 106 66.83
294 106 33.2
408 106 66.81
1024 106 33.22
1028 106 66.79
755 106 33.24
684 107 66.77
1180 107 33.25
257 107 66.76
402 107 33.27
740 107 66.74
743 107 33.29
1169 107 66.72
588 108 33.31
687 108 66.7
513 108 33.33
414 108 66.68
397 108 33.35
1165 108 66.66
731 109 33.37
695 109 66.64
704 109 33.39
1162 109 66.63
433 109 33.4
828 109 66.61
816 110 33.42
689 110 66.6
1142 110 33.44
449 110 66.58
305 110 33.46
390 110 66.56
445 111 33.47
1150 111 66.54
617 111 33.49
739 111 66.52
742 111 33.51
379 112 66.5
766 112 33.53
601 112 66.49
603 112 33.55
335 112 66.47
339 112 33.56
1365 112 66.45
107 113 33.58
1114 113 66.43
1134 113 33.6
1149 113 66.41
599 113 33.61
619 113 66.39
1262 113 33.63
614 114 66.37
616 114 33.64
709 115 66.35
757 115 33.66
749 115 66.33
699 116 33.68
717 116 66.32
1413 116 33.7
701 117 66.3
1138 117 33.72
821 117 66.28
789 117 33.73
872 117 66.26
787 118 33.75
1478 118 66.24
1434 118 33.77
1420 118 66.22
1419 118 33.79
509 119 66.2
272 119 33.81
347 119 66.19
1468 119 33.82
1461 119 66.17
711 120 33.84
903 120 66.15
948 120 33.86
1022 120 66.13
1430 120 33.88
502 120 66.11
58 121 33.9
700 121 66.09
1008 121 33.91
1486 121 66.08
1509 121 33.93
61 122 66.06
836 122 33.95
1107 122 66.04
1130 122 33.97
820 122 66.02
566 122 33.99
1533 122 66.0
865 122 34.0
608 123 65.98
823 123 34.02
718 123 65.96
1129 124 34.04
829 124 65.95
207 124 34.06
419 125 65.93
802 125 34.07
561 126 65.91
1506 126 34.09
312 127 65.89
446 128 34.11
1001 129 65.87
1351 129 34.13
288 131 65.86
544 131 34.15
358 132 65.84
562 132 34.16
134 133 65.82
481 135 34.18
1168 135 65.8
537 136 34.2
909 136 65.78
1092 136 34.22
213 137 65.76
1086 137 34.24
1074 137 65.74
697 137 34.26
1545 138 65.72
16 139 34.27
515 139 65.7
735 139 34.29
1085 140 65.68
1018 141 34.31
1054 141 65.66
1105 141 34.33
416 142 65.64
917 142 34.35
1070 142 65.62
267 143 34.37
1251 145 65.6
947 147 34.39
191 147 65.58
939 148 34.41
708 153 65.56
702 153 34.43
855 153 65.54
936 154 34.45
385 155 65.52
579 156 34.48
19 159 65.5
462 159 34.5
916 159 65.48
198 160 34.52
141 161 65.46
302 163 34.54
623 165 65.44
152 166 34.56
1227 166 65.41
564 167 34.58
34 169 65.39
123 169 34.61
621 169 65.37
209 170 34.63
714 172 65.35
450 172 34.65
258 174 65.32
259 174 34.67
575 175 65.3
144 176 34.69
220 176 65.28
480 177 34.72
330 177 65.26
710 178 34.74
591 178 65.24
201 178 34.76
456 181 65.22
685 181 34.78
557 181 65.19
157 181 34.81
1061 181 65.17
290 184 34.83
760 185 65.15
263 187 34.86
427 187 65.12
251 187 34.88
269 188 65.1
428 188 34.91
539 189 65.08
250 189 34.93
369 190 65.05
424 191 34.95
585 191 65.03
648 191 34.98
706 191 65.0
474 192 35.01
125 192 64.98
435 192 35.03
455 192 64.96
622 193 35.06
525 194 64.93
421 194 35.08
473 195 64.91
261 196 35.1
654 197 64.89
653 200 35.13
223 200 64.86
679 204 35.15
958 205 64.84
577 207 35.17
53 207 64.81
190 209 35.19
999 209 64.79
227 210 35.22
395 212 64.76
1046 212 35.24
674 213 64.74
676 213 35.27
498 214 64.71
214 215 35.29
411 215 64.69
1071 216 35.32
1040 217 64.66
112 219 35.35
273 220 64.64
1206 222 35.37
726 223 64.61
472 227 35.4
342 227 64.59
268 227 35.43
657 229 64.56
231 229 35.45
458 230 64.53
491 236 35.48
1133 237 64.51
1131 238 35.5
607 239 64.48
381 239 35.53
1053 240 64.46
753 240 35.56
620 243 64.43
745 244 35.58
426 244 64.41
1062 245 35.61
728 245 64.38
977 246 35.64
489 246 64.35
1049 247 35.67
520 247 64.33
1000 248 35.69
1036 248 64.3
1050 249 35.72
1034 253 64.27
1041 253 35.74
1026 256 64.24
1822 257 35.77
437 258 64.21
1039 260 35.8
1027 261 64.19
1029 261 35.83
444 261 64.16
374 261 35.86
1035 262 64.14
1009 262 35.88
1015 263 64.11
987 264 35.91
969 265 64.09
990 266 35.94
996 266 64.06
246 266 35.96
1004 267 64.03
989 269 35.99
737 269 64.01
368 269 36.01
1013 271 63.98
205 272 36.04
56 273 63.95
237 273 36.07
351 274 63.92
1007 276 36.1
361 276 63.89
245 278 36.13
382 278 63.86
380 280 36.15
281 282 63.84
407 282 36.18
404 282 63.81
386 283 36.21
425 283 63.78
497 284 36.24
405 284 63.76
373 286 36.27
417 286 63.73
907 289 36.3
388 290 63.7
352 291 36.33
355 291 63.67
848 291 36.36
902 291 63.65
912 292 36.39
340 293 63.62
418 296 36.42
354 297 63.59
92 299 36.44
39 301 63.56
229 302 36.47
448 303 63.53
873 306 36.49
1124 306 63.5
447 316 36.52
900 323 63.47
203 324 36.55
365 324 63.45
188 325 36.58
534 325 63.42
218 326 36.61
329 326 63.38
370 328 36.64
514 330 63.35
594 331 36.67
69 332 63.32
663 332 36.7
1119 332 63.29
1098 336 36.73
349 337 63.26
457 337 36.75
1006 344 63.23
336 352 36.78
688 369 63.2
337 375 36.81
423 381 63.16
321 384 36.85
343 384 63.13
239 386 36.88
320 388 63.1
325 390 36.92
85 395 63.07
429 397 36.95
475 399 63.03
467 402 36.99
226 403 63.0
732 407 37.02
307 408 62.96
584 411 37.06
285 413 62.93
278 415 37.09
721 433 62.89
291 435 37.13
303 436 62.85
167 444 37.17
662 444 62.82
543 448 37.21
722 449 62.78
522 452 37.24
219 454 62.74
184 457 37.28
459 463 62.7
637 469 37.31
210 472 62.67
224 483 37.35
255 487 62.63
194 488 37.39
436 488 62.59
154 492 37.43
713 495 62.55
533 496 37.47
538 498 62.51
146 499 37.51
179 500 62.46
521 500 37.55
318 503 62.42
499 504 37.59
387 522 62.38
55 526 37.63
715 548 62.34
187 550 37.67
586 561 62.3
461 566 37.71
692 579 62.26
556 580 37.76
756 658 62.21
420 660 37.8
95 675 62.16
1689 677 37.85
128 687 62.11
314 688 37.91
283 691 62.06
40 693 37.96
345 693 62.01
54 697 38.01
215 709 61.96
366 710 38.06
453 721 61.91
618 725 38.12
432 726 61.86
22 731 38.17
94 732 61.81
611 732 38.22
344 735 61.76
310 738 38.27
20 738 61.7
298 739 38.33
311 740 61.65
25 742 38.38
242 742 61.6
519 743 38.43
464 748 61.55
507 751 38.48
641 751 61.49
115 752 38.54
400 754 61.44
532 756 38.59
454 758 61.39
241 758 38.64
5 758 61.34
132 758 38.69
430 760 61.29
150 765 38.74
399 765 61.24
9 767 38.79
505 768 61.19
319 769 38.84
293 771 61.14
217 772 38.9
270 773 61.09
401 774 38.95
287 774 61.04
324 783 39.0
315 786 60.99
431 788 39.05
304 795 60.94
252 797 39.1
442 803 60.89
415 812 39.15
391 817 60.84
471 830 39.2
412 839 60.79
746 872 39.26
11 873 60.73
113 909 39.31
77 911 60.67
470 940 39.37
173 955 60.62
126 976 39.43
163 987 60.56
341 1061 39.49
236 1070 60.5
308 1072 39.55
384 1074 60.43
42 1076 39.62
383 1077 60.37
360 1090 39.68
103 1094 60.3
137 1105 39.75
122 1105 60.24
296 1108 39.81
322 1115 60.17
277 1130 39.88
313 1131 60.11
292 1132 39.94
162 1136 60.05
180 1147 40.01
116 1165 59.98
165 1167 40.07
282 1198 59.92
183 1216 40.14
139 1233 59.85
196 1259 40.21
249 1274 59.78
43 1295 40.28
156 1519 59.71
4 1540 40.35
197 1552 59.62
234 1572 40.44
199 1602 59.54
266 1614 40.52
271 1621 59.45
248 1626 40.6
23 1638 59.37
12 1638 40.69
233 1638 59.28
232 1641 40.77
262 1645 59.2
211 1651 40.86
228 1651 59.11
175 1658 40.94
200 1674 59.03
208 1690 41.03
527 1695 58.94
177 1697 41.11
204 1701 58.85
178 1706 41.19
170 1709 58.77
289 1711 41.28
7 1716 58.68
130 1737 41.36
309 1752 58.6
541 1756 41.44
171 1757 58.52
176 1765 41.53
362 1765 58.44
145 1774 41.61
526 1780 58.35
356 1787 41.69
338 1793 58.27
512 1817 41.77
221 1822 58.19
493 1822 41.86
350 1826 58.1
192 1846 41.94
133 1853 58.02
136 1862 42.03
148 1865 57.94
490 1868 42.12
510 1878 57.85
306 1886 42.2
243 1889 57.77
506 1891 42.28
511 1901 57.68
565 1916 42.37
326 1928 57.6
494 1937 42.45
111 1951 57.52
164 1953 42.54
2503 1967 57.43
275 1970 42.62
153 1990 57.35
274 2014 42.7
222 2019 57.26
323 2022 42.79
101 2025 57.17
121 2032 42.87
297 2044 57.09
100 2053 42.96
216 2071 57.0
102 2105 43.04
182 2167 56.91
109 2169 43.13
151 2196 56.82
253 2198 43.22
63 2204 56.73
254 2210 43.31
86 2217 56.64
168 2223 43.4
166 2238 56.55
81 2239 43.49
185 2261 56.46
225 2284 43.58
80 2288 56.37
28 2299 43.66
328 2317 56.28
3 2324 43.75
295 2347 56.2
264 2349 43.84
376 2359 56.1
279 2395 43.94
142 2418 56.01
26 2419 44.03
129 2439 55.92
193 2450 44.12
202 2515 55.83
161 2536 44.21
138 2588 55.73
104 2639 44.31
73 2913 55.63
140 2918 44.41
120 2920 55.52
119 2926 44.52
99 2969 55.42
27 3112 44.62
29 3456 55.3
124 3547 44.74
49 3585 55.17
51 3843 44.88
72 4607 55.02
96 6564 45.06
68 6840 54.82
32 6841 45.29
15 7050 54.58
118 7066 45.54
117 7069 54.34
181 7141 45.78
31 7190 54.1
97 7226 46.02
47 7233 53.86
45 7233 46.26
37 7258 53.62
59 7274 46.5
70 7294 53.38
36 7307 46.74
82 7309 53.14
21 7320 46.98
24 7335 52.91
14 7371 47.22
67 7385 52.67
57 7404 47.46
10 7409 52.44
33 7479 47.69
50 7518 52.2
8 7542 47.92
44 7553 51.96
1 7668 48.16
48 7801 51.73
46 7812 48.4
155 7891 51.48
147 7945 48.65
135 8041 51.23
131 8295 48.9
13 8360 50.98
90 8376 49.15
2 8518 50.72
18 8772 49.41
98 9655 50.44
30 10926 49.71
17 13907 50.08
