223 1 0.23
243 1 1.79
244 1 0.24
142 1 1.79
285 1 0.27
270 1 1.79
238 1 0.27
217 1 1.77
221 1 0.28
235 1 1.77
194 1 0.29
148 1 1.76
155 1 0.29
156 1 1.76
279 1 0.3
291 1 1.75
294 1 0.3
158 1 1.74
296 1 0.31
274 2 1.72
237 2 0.31
131 2 1.71
157 2 0.32
230 2 1.7
231 2 0.33
278 2 1.69
236 2 0.34
178 2 1.69
273 3 0.35
267 3 1.67
128 3 0.36
289 3 1.66
232 3 0.37
183 3 1.65
293 3 0.37
272 4 1.64
129 4 0.38
227 4 1.63
140 5 0.39
211 5 1.61
152 5 0.39
138 6 1.61
271 6 0.4
130 6 1.6
204 6 0.4
176 6 1.59
126 7 0.41
212 7 1.58
182 7 0.42
269 7 1.58
205 8 0.42
172 8 1.57
186 8 0.43
288 8 1.56
214 9 0.43
295 9 1.56
263 9 0.44
281 9 1.55
202 9 0.45
264 10 1.54
213 10 0.45
201 10 1.54
177 10 0.46
154 10 1.53
203 10 0.46
219 11 1.52
116 11 0.47
167 11 1.52
161 11 0.47
174 12 1.52
265 12 0.48
169 12 1.51
268 12 0.48
106 13 1.51
185 13 0.49
193 13 1.5
127 15 0.49
280 16 1.5
251 16 0.5
151 16 1.49
175 17 0.5
218 17 1.49
283 17 0.51
122 17 1.49
284 18 0.51
170 19 1.48
286 19 0.52
123 20 1.48
125 21 0.52
104 21 1.47
107 21 0.53
124 21 1.47
165 21 0.53
162 22 1.46
102 22 0.54
115 22 1.46
166 22 0.54
164 22 1.46
260 24 0.55
261 25 1.45
105 25 0.55
103 25 1.45
100 25 0.55
310 25 1.44
137 26 0.56
163 27 1.44
249 28 0.56
181 31 1.43
171 31 0.56
96 31 1.43
93 32 0.57
309 32 1.42
168 33 0.57
266 35 1.42
153 35 0.58
210 36 1.41
95 37 0.58
112 37 1.41
187 37 0.59
198 37 1.41
91 38 0.59
98 38 1.4
101 39 0.6
173 41 1.4
121 43 0.6
99 44 1.39
92 45 0.6
199 46 1.39
184 48 0.61
94 49 1.38
258 49 0.61
87 51 1.38
257 51 0.62
197 51 1.38
97 52 0.62
89 55 1.37
90 56 0.63
85 61 1.37
88 62 0.63
180 65 1.36
86 67 0.63
256 68 1.36
252 68 0.64
134 68 1.35
83 69 0.64
254 69 1.35
179 72 0.65
111 73 1.34
190 75 0.65
119 75 1.34
209 76 0.65
135 77 1.34
189 83 0.66
248 83 1.33
145 84 0.66
80 85 1.33
191 87 0.67
147 88 1.32
81 92 0.67
109 92 1.32
259 93 0.68
82 93 1.32
84 94 0.68
262 96 1.31
77 100 0.69
108 100 1.31
136 104 0.69
141 104 1.3
75 118 0.69
76 129 1.3
71 144 0.7
72 153 1.29
120 155 0.71
195 157 1.29
250 159 0.71
146 162 1.28
66 170 0.72
64 174 1.28
65 180 0.72
255 181 1.27
67 182 0.73
74 186 1.26
73 189 0.74
68 190 1.26
63 193 0.74
62 197 1.25
114 199 0.75
70 200 1.25
247 202 0.75
69 204 1.24
150 208 0.76
60 209 1.24
61 212 0.76
59 217 1.23
3 219 0.77
57 222 1.23
55 234 0.78
58 239 1.22
56 245 0.78
51 262 1.21
54 264 0.79
52 267 1.21
149 267 0.79
49 269 1.2
43 285 0.8
50 288 1.2
42 289 0.81
48 294 1.19
47 302 0.81
132 313 1.18
44 315 0.82
33 317 1.18
21 317 0.83
40 317 1.17
25 318 0.83
46 318 1.16
34 324 0.84
6 324 1.16
45 329 0.84
139 329 1.15
53 330 0.85
37 330 1.15
38 336 0.85
7 336 1.14
133 338 0.86
39 340 1.14
113 341 0.87
30 344 1.13
79 346 0.87
5 352 1.12
12 353 0.88
24 357 1.12
16 358 0.88
2 363 1.11
41 366 0.89
29 369 1.11
32 371 0.89
110 376 1.1
78 382 0.9
4 384 1.1
15 394 0.91
31 417 1.09
14 420 0.91
246 420 1.08
19 423 0.92
28 425 1.08
20 428 0.92
118 439 1.07
144 440 0.93
23 442 1.07
11 455 0.94
22 474 1.06
13 476 0.94
10 507 1.05
27 513 0.95
36 528 1.05
245 549 0.96
18 552 1.04
117 575 0.97
9 590 1.03
35 595 0.97
26 601 1.02
143 626 0.98
8 638 1.02
17 652 0.99
253 664 1.01
1 680 1.0
