85 178823 0.57
112 178863 1.83
45 178949 0.65
208 178962 1.75
278 178983 0.68
212 179033 1.72
406 179043 0.71
63 179091 1.69
460 179128 0.73
375 179130 1.67
399 179132 0.74
52 179141 1.66
158 179156 0.75
275 179165 1.65
114 179176 0.77
312 179189 1.63
183 179190 0.78
235 179204 1.62
437 179215 0.78
426 179257 1.62
436 179258 0.79
461 179260 1.61
301 179264 0.8
492 179270 1.6
229 179275 0.81
413 179288 1.59
480 179296 0.81
395 179300 1.59
18 179317 0.82
417 179327 1.58
283 179331 0.83
499 179357 1.57
377 179359 0.83
188 179388 1.57
77 179388 0.84
206 179397 1.56
358 179403 0.84
365 179410 1.56
121 179412 0.85
84 179419 1.55
147 179423 0.85
182 179426 1.55
181 179436 0.86
446 179443 1.54
286 179448 0.86
95 179450 1.54
337 179459 0.86
232 179462 1.54
196 179463 0.87
53 179463 1.53
164 179464 0.87
27 179467 1.53
493 179481 0.88
404 179487 1.52
354 179490 0.88
387 179492 1.52
98 179496 0.88
14 179505 1.52
102 179507 0.89
384 179511 1.51
202 179512 0.89
242 179514 1.51
373 179519 0.89
453 179521 1.51
231 179527 0.9
155 179530 1.5
224 179531 0.9
268 179532 1.5
36 179536 0.9
125 179537 1.5
346 179539 0.91
264 179541 1.49
90 179542 0.91
65 179548 1.49
311 179553 0.91
233 179559 1.49
94 179561 0.91
362 179567 1.49
187 179568 0.92
207 179576 1.48
75 179583 0.92
441 179587 1.48
117 179588 0.92
110 179589 1.48
81 179591 0.93
328 179593 1.47
475 179597 0.93
318 179599 1.47
468 179609 0.93
105 179611 1.47
254 179617 0.93
234 179620 1.47
423 179625 0.94
56 179625 1.46
153 179626 0.94
408 179626 1.46
32 179627 0.94
241 179628 1.46
329 179628 0.94
2 179634 1.46
495 179634 0.94
372 179636 1.46
490 179640 0.95
462 179644 1.45
142 179644 0.95
92 179656 1.45
257 179656 0.95
416 179656 1.45
449 179663 0.95
338 179666 1.45
184 179667 0.96
427 179668 1.44
143 179671 0.96
438 179671 1.44
31 179672 0.96
349 179677 1.44
411 179679 0.96
120 179680 1.44
5 179683 0.96
332 179683 1.44
265 179684 0.97
366 179687 1.43
82 179691 0.97
166 179691 1.43
46 179692 0.97
481 179695 1.43
7 179697 0.97
388 179701 1.43
396 179705 0.97
414 179709 1.43
331 179711 0.98
456 179713 1.42
25 179718 0.98
47 179718 1.42
357 179720 0.98
78 179723 1.42
420 179724 0.98
12 179727 1.42
151 179728 0.98
186 179730 1.42
16 179731 0.98
472 179733 1.42
195 179737 0.99
194 179748 1.41
280 179756 0.99
317 179758 1.41
180 179758 0.99
19 179761 1.41
29 179762 0.99
39 179762 1.41
113 179765 0.99
258 179765 1.41
291 179770 0.99
465 179772 1.41
124 179772 1.0
174 179773 1.4
486 179775 1.0
409 179778 1.4
412 179778 1.0
444 179778 1.4
38 179780 1.0
297 179780 1.4
256 179781 1.0
294 179782 1.4
269 179787 1.0
293 179791 1.4
496 179796 1.01
134 179796 1.39
323 179797 1.01
500 179799 1.39
42 179800 1.01
119 179801 1.39
237 179802 1.01
64 179803 1.39
211 179809 1.01
93 179810 1.39
382 179811 1.01
179 179814 1.39
309 179814 1.02
193 179816 1.38
263 179821 1.02
262 179822 1.38
383 179825 1.02
477 179826 1.38
355 179831 1.02
116 179833 1.38
252 179836 1.02
128 179838 1.38
363 179838 1.02
225 179840 1.38
122 179841 1.02
285 179847 1.38
236 179850 1.03
424 179855 1.37
491 179857 1.03
459 179857 1.37
97 179859 1.03
228 179862 1.37
435 179863 1.03
321 179867 1.37
270 179868 1.03
341 179871 1.37
106 179874 1.03
458 179874 1.37
425 179875 1.03
20 179878 1.37
421 179891 1.04
145 179891 1.36
259 179893 1.04
248 179896 1.36
277 179896 1.04
371 179897 1.36
303 179903 1.04
176 179904 1.36
471 179905 1.04
165 179905 1.36
250 179907 1.04
287 179911 1.36
464 179911 1.04
305 179915 1.36
314 179916 1.05
133 179917 1.35
400 179917 1.05
185 179919 1.35
361 179920 1.05
54 179925 1.35
251 179927 1.05
118 179929 1.35
191 179930 1.05
68 179931 1.35
393 179936 1.05
50 179937 1.35
8 179937 1.05
55 179938 1.35
452 179938 1.06
353 179942 1.34
171 179945 1.06
10 179945 1.34
173 179946 1.06
108 179947 1.34
347 179950 1.06
209 179956 1.34
474 179959 1.06
163 179962 1.34
123 179963 1.06
478 179963 1.34
308 179965 1.06
101 179967 1.34
99 179968 1.06
284 179969 1.34
131 179976 1.07
367 179980 1.33
160 179984 1.07
447 179984 1.33
345 179988 1.07
340 179989 1.33
72 179989 1.07
339 179997 1.33
152 179998 1.07
154 180002 1.33
479 180005 1.07
316 180010 1.33
162 180011 1.07
271 180015 1.33
364 180023 1.07
402 180034 1.33
244 180035 1.08
71 180037 1.32
146 180039 1.08
150 180043 1.32
58 180043 1.08
87 180047 1.32
79 180052 1.08
247 180054 1.32
127 180054 1.08
273 180054 1.32
130 180060 1.08
300 180063 1.32
390 180065 1.08
59 180068 1.32
62 180068 1.08
135 180070 1.32
239 180070 1.08
487 180072 1.32
103 180073 1.09
282 180075 1.31
69 180080 1.09
218 180081 1.31
392 180082 1.09
60 180083 1.31
466 180086 1.09
220 180087 1.31
1 180091 1.09
289 180095 1.31
126 180097 1.09
3 180101 1.31
111 180101 1.09
302 180113 1.31
359 180115 1.09
422 180116 1.31
33 180118 1.1
310 180118 1.3
245 180121 1.1
48 180121 1.3
148 180123 1.1
35 180123 1.3
296 180129 1.1
253 180131 1.3
315 180134 1.1
469 180137 1.3
204 180140 1.1
344 180141 1.3
83 180141 1.1
76 180152 1.3
199 180155 1.1
299 180155 1.3
221 180159 1.1
216 180160 1.3
470 180161 1.11
401 180161 1.29
350 180164 1.11
74 180165 1.29
370 180167 1.11
223 180170 1.29
167 180172 1.11
227 180172 1.29
498 180174 1.11
86 180175 1.29
325 180178 1.11
276 180180 1.29
335 180180 1.11
419 180183 1.29
215 180183 1.11
11 180185 1.29
342 180185 1.11
333 180189 1.29
44 180191 1.12
434 180195 1.28
200 180197 1.12
70 180203 1.28
66 180209 1.12
450 180213 1.28
351 180215 1.12
403 180223 1.28
139 180227 1.12
407 180232 1.28
410 180242 1.12
255 180244 1.28
379 180245 1.12
431 180248 1.28
49 180248 1.12
494 180251 1.28
205 180252 1.12
23 180253 1.28
226 180255 1.13
178 180260 1.27
398 180261 1.13
172 180265 1.27
198 180266 1.13
394 180267 1.27
374 180268 1.13
144 180276 1.27
356 180281 1.13
13 180283 1.27
30 180283 1.13
482 180287 1.27
15 180292 1.13
391 180295 1.27
22 180298 1.13
219 180298 1.27
189 180299 1.13
41 180300 1.27
445 180308 1.13
169 180314 1.26
448 180315 1.14
405 180316 1.26
28 180317 1.14
385 180328 1.26
324 180329 1.14
217 180332 1.26
376 180334 1.14
213 180335 1.26
190 180340 1.14
319 180342 1.26
279 180343 1.14
115 180344 1.26
488 180344 1.14
91 180346 1.26
240 180347 1.14
397 180347 1.26
175 180349 1.14
381 180351 1.26
348 180352 1.15
43 180354 1.25
132 180356 1.15
326 180357 1.25
497 180358 1.15
369 180364 1.25
433 180365 1.15
149 180370 1.25
141 180373 1.15
222 180387 1.25
88 180390 1.15
489 180391 1.25
415 180392 1.15
24 180397 1.25
168 180400 1.15
378 180402 1.25
157 180405 1.15
380 180408 1.25
214 180417 1.15
161 180422 1.25
137 180423 1.16
428 180424 1.24
327 180426 1.16
439 180433 1.24
290 180434 1.16
473 180437 1.24
304 180445 1.16
4 180448 1.24
26 180451 1.16
197 180454 1.24
6 180461 1.16
442 180462 1.24
177 180479 1.16
418 180480 1.24
51 180484 1.16
246 180487 1.24
313 180488 1.16
96 180496 1.24
454 180505 1.17
243 180513 1.23
109 180513 1.17
334 180515 1.23
352 180516 1.17
443 180518 1.23
306 180524 1.17
430 180530 1.23
210 180531 1.17
330 180533 1.23
73 180535 1.17
476 180537 1.23
9 180538 1.17
440 180541 1.23
484 180544 1.17
67 180551 1.23
267 180557 1.17
260 180561 1.23
463 180567 1.17
89 180583 1.23
21 180585 1.18
298 180586 1.22
156 180597 1.18
192 180598 1.22
467 180600 1.18
61 180612 1.22
457 180616 1.18
455 180620 1.22
159 180624 1.18
288 180624 1.22
203 180626 1.18
238 180631 1.22
37 180634 1.18
368 180637 1.22
320 180652 1.18
140 180653 1.22
389 180675 1.18
292 180676 1.22
129 180678 1.18
336 180692 1.22
274 180701 1.19
483 180701 1.21
40 180712 1.19
80 180715 1.21
249 180723 1.19
34 180730 1.21
100 180734 1.19
281 180736 1.21
261 180742 1.19
136 180744 1.21
485 180748 1.19
307 180758 1.21
272 180763 1.19
322 180764 1.21
429 180774 1.19
57 180775 1.21
138 180783 1.19
230 180787 1.21
451 180791 1.19
343 180810 1.21
107 180823 1.2
170 180827 1.2
266 180866 1.2
201 180912 1.2
295 180924 1.2
360 180945 1.2
17 180948 1.2
386 180966 1.2
432 181053 1.2
104 181139 1.2
